0.000000     1.000000   0.000000   
0.250000     0.999291   0.001175   
0.500000     0.996066   0.002830   
0.750000     0.989260   0.005202   
1.000000     0.981436   0.007705   
1.250000     0.971777   0.011531   
1.500000     0.950081   0.017676   
1.750000     0.900681   0.029167   
2.000000     0.851057   0.040990   
2.250000     0.797019   0.052776   
2.500000     0.724583   0.062366   
2.750000     0.593405   0.064340   
3.000000     0.460188   0.063504   
3.250000     0.335061   0.060023   
3.500000     0.228594   0.053696   
3.750000     0.174712   0.042884   
4.000000     0.126977   0.032077   
4.250000     0.083302   0.021870   
4.500000     0.050104   0.015335   
4.750000     0.038405   0.010791   
5.000000     0.030455   0.008278   
5.250000     0.025224   0.006886   
5.500000     0.020254   0.005864   
5.750000     0.016424   0.004977   
0.000000     1.000000   0.000000   
0.250000     0.999291   0.001182   
0.500000     0.996047   0.002844   
0.750000     0.989214   0.005226   
1.000000     0.981368   0.007739   
1.250000     0.971669   0.011581   
1.500000     0.949921   0.017752   
1.750000     0.900621   0.029286   
2.000000     0.850994   0.041163   
2.250000     0.796958   0.052996   
2.500000     0.724543   0.062625   
2.750000     0.593584   0.064621   
3.000000     0.460211   0.063782   
3.250000     0.335472   0.060286   
3.500000     0.228749   0.053930   
3.750000     0.174864   0.043073   
4.000000     0.127129   0.032220   
4.250000     0.083463   0.021982   
4.500000     0.050308   0.015421   
4.750000     0.038578   0.010875   
5.000000     0.030720   0.008364   
5.250000     0.025435   0.006972   
5.500000     0.020454   0.005948   
5.750000     0.016591   0.005061   
0.000000     1.000000   0.000000   
0.250000     0.999290   0.001184   
0.500000     0.996068   0.002849   
0.750000     0.989243   0.005234   
1.000000     0.981393   0.007750   
1.250000     0.971722   0.011589   
1.500000     0.950034   0.017744   
1.750000     0.900613   0.029239   
2.000000     0.851017   0.041065   
2.250000     0.797016   0.052849   
2.500000     0.724636   0.062438   
2.750000     0.593186   0.064417   
3.000000     0.460684   0.063583   
3.250000     0.335556   0.060102   
3.500000     0.228856   0.053775   
3.750000     0.174993   0.042968   
4.000000     0.127271   0.032167   
4.250000     0.083612   0.021975   
4.500000     0.050416   0.015452   
4.750000     0.038642   0.010914   
5.000000     0.030749   0.008403   
5.250000     0.025535   0.007013   
5.500000     0.020541   0.005991   
5.750000     0.016625   0.005107   
0.000000     1.000000   0.000000   
0.250000     0.999291   0.001182   
0.500000     0.996078   0.002846   
0.750000     0.989264   0.005230   
1.000000     0.981422   0.007746   
1.250000     0.971760   0.011582   
1.500000     0.950099   0.017731   
1.750000     0.900656   0.029222   
2.000000     0.851079   0.041045   
2.250000     0.797180   0.052827   
2.500000     0.724719   0.062416   
2.750000     0.592908   0.064394   
3.000000     0.461029   0.063560   
3.250000     0.335862   0.060080   
3.500000     0.228797   0.053755   
3.750000     0.174957   0.042947   
4.000000     0.127247   0.032148   
4.250000     0.083598   0.021961   
4.500000     0.050418   0.015444   
4.750000     0.038620   0.010911   
5.000000     0.030814   0.008403   
5.250000     0.025531   0.007013   
5.500000     0.020538   0.005990   
5.750000     0.016646   0.005105   
0.000000     1.000000   0.000000   
0.250000     0.999289   0.001180   
0.500000     0.996041   0.002844   
0.750000     0.989202   0.005236   
1.000000     0.981336   0.007763   
1.250000     0.971647   0.011618   
1.500000     0.949932   0.017798   
1.750000     0.900595   0.029347   
2.000000     0.851005   0.041247   
2.250000     0.797000   0.053106   
2.500000     0.724592   0.062759   
2.750000     0.593310   0.064765   
3.000000     0.460495   0.063927   
3.250000     0.335382   0.060424   
3.500000     0.228837   0.054052   
3.750000     0.174976   0.043168   
4.000000     0.127263   0.032291   
4.250000     0.083616   0.022041   
4.500000     0.050484   0.015477   
4.750000     0.038712   0.010930   
5.000000     0.030883   0.008417   
5.250000     0.025593   0.007025   
5.500000     0.020585   0.006001   
5.750000     0.016693   0.005115   
0.000000     1.000000   0.000000   
0.250000     0.999291   0.001188   
0.500000     0.996092   0.002860   
0.750000     0.989280   0.005256   
1.000000     0.981437   0.007785   
1.250000     0.971773   0.011638   
1.500000     0.950106   0.017814   
1.750000     0.900557   0.029359   
2.000000     0.850943   0.041250   
2.250000     0.797238   0.053095   
2.500000     0.724533   0.062734   
2.750000     0.592494   0.064737   
3.000000     0.461264   0.063901   
3.250000     0.335676   0.060402   
3.500000     0.228588   0.054037   
3.750000     0.174992   0.043165   
4.000000     0.127261   0.032299   
4.250000     0.083566   0.022059   
4.500000     0.050341   0.015500   
4.750000     0.038585   0.010944   
5.000000     0.030855   0.008422   
5.250000     0.025468   0.007026   
5.500000     0.020483   0.006001   
5.750000     0.016605   0.005115   
0.000000     1.000000   0.000000   
0.250000     0.999291   0.001188   
0.500000     0.996103   0.002857   
0.750000     0.989320   0.005247   
1.000000     0.981506   0.007769   
1.250000     0.971873   0.011615   
1.500000     0.950260   0.017784   
1.750000     0.900639   0.029326   
2.000000     0.851044   0.041211   
2.250000     0.797777   0.053052   
2.500000     0.724642   0.062686   
2.750000     0.592032   0.064684   
3.000000     0.460975   0.063848   
3.250000     0.335099   0.060353   
3.500000     0.228014   0.053993   
3.750000     0.175061   0.043127   
4.000000     0.127132   0.032266   
4.250000     0.083345   0.022031   
4.500000     0.050229   0.015480   
4.750000     0.038540   0.010923   
5.000000     0.030776   0.008399   
5.250000     0.025418   0.006999   
5.500000     0.020454   0.005968   
5.750000     0.016585   0.005076   
0.000000     1.000000   0.000000   
0.250000     0.999290   0.001189   
0.500000     0.996098   0.002863   
0.750000     0.989307   0.005264   
1.000000     0.981482   0.007799   
1.250000     0.971823   0.011668   
1.500000     0.950130   0.017884   
1.750000     0.900576   0.029524   
2.000000     0.850942   0.041535   
2.250000     0.797193   0.053493   
2.500000     0.724430   0.063219   
2.750000     0.592328   0.065250   
3.000000     0.461113   0.064400   
3.250000     0.335451   0.060860   
3.500000     0.228355   0.054419   
3.750000     0.174736   0.043426   
4.000000     0.126997   0.032432   
4.250000     0.083303   0.022082   
4.500000     0.049983   0.015449   
4.750000     0.038352   0.010861   
5.000000     0.030496   0.008326   
5.250000     0.025276   0.006924   
5.500000     0.020310   0.005898   
5.750000     0.016459   0.005010   
0.000000     1.000000   0.000000   
0.250000     0.999290   0.001169   
0.500000     0.996097   0.002825   
0.750000     0.989320   0.005211   
1.000000     0.981537   0.007731   
1.250000     0.971902   0.011579   
1.500000     0.950261   0.017754   
1.750000     0.900524   0.029319   
2.000000     0.850851   0.041231   
2.250000     0.797525   0.053098   
2.500000     0.724293   0.062750   
2.750000     0.591664   0.064750   
3.000000     0.460664   0.063910   
3.250000     0.334851   0.060403   
3.500000     0.227820   0.054021   
3.750000     0.174858   0.043125   
4.000000     0.126834   0.032230   
4.250000     0.083013   0.021956   
4.500000     0.049771   0.015375   
4.750000     0.038160   0.010798   
5.000000     0.030209   0.008262   
5.250000     0.025102   0.006858   
5.500000     0.020143   0.005830   
5.750000     0.016253   0.004938   
0.000000     1.000000   0.000000   
0.250000     0.999289   0.001181   
0.500000     0.996093   0.002847   
0.750000     0.989315   0.005236   
1.000000     0.981535   0.007756   
1.250000     0.971900   0.011604   
1.500000     0.950256   0.017791   
1.750000     0.900522   0.029396   
2.000000     0.850852   0.041363   
2.250000     0.797524   0.053282   
2.500000     0.724272   0.062976   
2.750000     0.591618   0.064988   
3.000000     0.460606   0.064139   
3.250000     0.334781   0.060612   
3.500000     0.227752   0.054194   
3.750000     0.174780   0.043238   
4.000000     0.126730   0.032281   
4.250000     0.082903   0.021954   
4.500000     0.049565   0.015338   
4.750000     0.038069   0.010744   
5.000000     0.030111   0.008199   
5.250000     0.024921   0.006791   
5.500000     0.020000   0.005761   
5.750000     0.016182   0.004869   
0.000000     1.000000   0.000000   
0.250000     0.999305   0.003068   
0.500000     0.996823   0.006904   
0.750000     0.989758   0.011775   
1.000000     0.980201   0.016672   
1.250000     0.963323   0.022682   
1.500000     0.942387   0.031059   
1.750000     0.895239   0.047827   
2.000000     0.828630   0.066512   
2.250000     0.746623   0.085182   
2.500000     0.656270   0.100853   
2.750000     0.554626   0.105403   
3.000000     0.440217   0.104159   
3.250000     0.331562   0.098363   
3.500000     0.236794   0.087486   
3.750000     0.160837   0.069455   
4.000000     0.111964   0.051384   
4.250000     0.075782   0.035502   
4.500000     0.040926   0.024829   
4.750000     0.032415   0.017588   
5.000000     0.023985   0.012787   
5.250000     0.017281   0.009571   
5.500000     0.012741   0.007106   
5.750000     0.010460   0.005154   
0.000000     1.000000   0.000000   
0.250000     0.999304   0.003073   
0.500000     0.996822   0.006913   
0.750000     0.989776   0.011788   
1.000000     0.980131   0.016687   
1.250000     0.963205   0.022699   
1.500000     0.942363   0.031082   
1.750000     0.895188   0.047864   
2.000000     0.828574   0.066570   
2.250000     0.746559   0.085261   
2.500000     0.656209   0.100949   
2.750000     0.554804   0.105506   
3.000000     0.439755   0.104260   
3.250000     0.331192   0.098456   
3.500000     0.236894   0.087565   
3.750000     0.160930   0.069514   
4.000000     0.111827   0.051423   
4.250000     0.075703   0.035527   
4.500000     0.040892   0.024844   
4.750000     0.032500   0.017598   
5.000000     0.023982   0.012795   
5.250000     0.017279   0.009577   
5.500000     0.012742   0.007112   
5.750000     0.010463   0.005159   
0.000000     1.000000   0.000000   
0.250000     0.999304   0.003077   
0.500000     0.996821   0.006925   
0.750000     0.989752   0.011814   
1.000000     0.980170   0.016729   
1.250000     0.963259   0.022761   
1.500000     0.942389   0.031170   
1.750000     0.895173   0.047988   
2.000000     0.828553   0.066732   
2.250000     0.746534   0.085456   
2.500000     0.656178   0.101168   
2.750000     0.554453   0.105733   
3.000000     0.439999   0.104483   
3.250000     0.331413   0.098669   
3.500000     0.236844   0.087758   
3.750000     0.160890   0.069673   
4.000000     0.111902   0.051545   
4.250000     0.075746   0.035613   
4.500000     0.040912   0.024898   
4.750000     0.032471   0.017632   
5.000000     0.024019   0.012815   
5.250000     0.017299   0.009588   
5.500000     0.012744   0.007117   
5.750000     0.010473   0.005161   
0.000000     1.000000   0.000000   
0.250000     0.999304   0.003083   
0.500000     0.996820   0.006936   
0.750000     0.989767   0.011830   
1.000000     0.980141   0.016749   
1.250000     0.963217   0.022786   
1.500000     0.942390   0.031201   
1.750000     0.895172   0.048029   
2.000000     0.828541   0.066784   
2.250000     0.746507   0.085518   
2.500000     0.656135   0.101237   
2.750000     0.554571   0.105804   
3.000000     0.439825   0.104554   
3.250000     0.331269   0.098737   
3.500000     0.236843   0.087820   
3.750000     0.160881   0.069726   
4.000000     0.111814   0.051587   
4.250000     0.075685   0.035645   
4.500000     0.040869   0.024919   
4.750000     0.032493   0.017647   
5.000000     0.024037   0.012827   
5.250000     0.017314   0.009599   
5.500000     0.012749   0.007126   
5.750000     0.010481   0.005168   
0.000000     1.000000   0.000000   
0.250000     0.999304   0.003088   
0.500000     0.996820   0.006950   
0.750000     0.989810   0.011851   
1.000000     0.980051   0.016776   
1.250000     0.963173   0.022816   
1.500000     0.942161   0.031236   
1.750000     0.895195   0.048080   
2.000000     0.828499   0.066857   
2.250000     0.746438   0.085612   
2.500000     0.656049   0.101349   
2.750000     0.555313   0.105923   
3.000000     0.439061   0.104671   
3.250000     0.330626   0.098846   
3.500000     0.236912   0.087917   
3.750000     0.160932   0.069804   
4.000000     0.111529   0.051647   
4.250000     0.075597   0.035690   
4.500000     0.040787   0.024954   
4.750000     0.032510   0.017674   
5.000000     0.023974   0.012846   
5.250000     0.017276   0.009612   
5.500000     0.012729   0.007133   
5.750000     0.010468   0.005170   
0.000000     1.000000   0.000000   
0.250000     0.999303   0.003090   
0.500000     0.996816   0.006954   
0.750000     0.989780   0.011859   
1.000000     0.980053   0.016789   
1.250000     0.963094   0.022836   
1.500000     0.942164   0.031261   
1.750000     0.895081   0.048112   
2.000000     0.828440   0.066895   
2.250000     0.746392   0.085655   
2.500000     0.656019   0.101397   
2.750000     0.555060   0.105972   
3.000000     0.439272   0.104719   
3.250000     0.330828   0.098891   
3.500000     0.236926   0.087956   
3.750000     0.160964   0.069835   
4.000000     0.111642   0.051668   
4.250000     0.075611   0.035704   
4.500000     0.040811   0.024962   
4.750000     0.032552   0.017678   
5.000000     0.024002   0.012848   
5.250000     0.017290   0.009611   
5.500000     0.012724   0.007132   
5.750000     0.010465   0.005169   
0.000000     1.000000   0.000000   
0.250000     0.999303   0.003096   
0.500000     0.996818   0.006966   
0.750000     0.989789   0.011883   
1.000000     0.980095   0.016826   
1.250000     0.963140   0.022892   
1.500000     0.942294   0.031348   
1.750000     0.895147   0.048244   
2.000000     0.828495   0.067077   
2.250000     0.746430   0.085883   
2.500000     0.656032   0.101660   
2.750000     0.554732   0.106248   
3.000000     0.439520   0.104992   
3.250000     0.331023   0.099150   
3.500000     0.236835   0.088190   
3.750000     0.160856   0.070023   
4.000000     0.111621   0.051809   
4.250000     0.075531   0.035800   
4.500000     0.040762   0.025016   
4.750000     0.032552   0.017714   
5.000000     0.024033   0.012873   
5.250000     0.017331   0.009629   
5.500000     0.012730   0.007144   
5.750000     0.010473   0.005177   
0.000000     1.000000   0.000000   
0.250000     0.999304   0.003092   
0.500000     0.996821   0.006961   
0.750000     0.989840   0.011872   
1.000000     0.979987   0.016807   
1.250000     0.963248   0.022858   
1.500000     0.942004   0.031288   
1.750000     0.895366   0.048151   
2.000000     0.828447   0.066950   
2.250000     0.746374   0.085728   
2.500000     0.655983   0.101485   
2.750000     0.555739   0.106065   
3.000000     0.439179   0.104812   
3.250000     0.330270   0.098978   
3.500000     0.236988   0.088033   
3.750000     0.161001   0.069897   
4.000000     0.111453   0.051717   
4.250000     0.075640   0.035740   
4.500000     0.040902   0.024987   
4.750000     0.032527   0.017697   
5.000000     0.023998   0.012863   
5.250000     0.017300   0.009622   
5.500000     0.012740   0.007139   
5.750000     0.010482   0.005173   
0.000000     1.000000   0.000000   
0.250000     0.999304   0.003097   
0.500000     0.996819   0.006974   
0.750000     0.989815   0.011901   
1.000000     0.980029   0.016855   
1.250000     0.963165   0.022930   
1.500000     0.942117   0.031398   
1.750000     0.895148   0.048317   
2.000000     0.828411   0.067180   
2.250000     0.746320   0.086015   
2.500000     0.655913   0.101816   
2.750000     0.555260   0.106413   
3.000000     0.438960   0.105155   
3.250000     0.330596   0.099302   
3.500000     0.236965   0.088323   
3.750000     0.160979   0.070128   
4.000000     0.111486   0.051887   
4.250000     0.075616   0.035854   
4.500000     0.040838   0.025054   
4.750000     0.032541   0.017740   
5.000000     0.024031   0.012891   
5.250000     0.017323   0.009642   
5.500000     0.012739   0.007153   
5.750000     0.010483   0.005184   
0.000000     1.000000   0.000000   
0.250000     0.999304   0.003101   
0.500000     0.996820   0.006983   
0.750000     0.989860   0.011913   
1.000000     0.979943   0.016869   
1.250000     0.963279   0.022944   
1.500000     0.941908   0.031407   
1.750000     0.895404   0.048333   
2.000000     0.828373   0.067207   
2.250000     0.746271   0.086057   
2.500000     0.655859   0.101872   
2.750000     0.555551   0.106475   
3.000000     0.439282   0.105216   
3.250000     0.330087   0.099358   
3.500000     0.236985   0.088370   
3.750000     0.160985   0.070162   
4.000000     0.111353   0.051909   
4.250000     0.075611   0.035869   
4.500000     0.040939   0.025066   
4.750000     0.032456   0.017752   
5.000000     0.023988   0.012900   
5.250000     0.017296   0.009648   
5.500000     0.012719   0.007157   
5.750000     0.010470   0.005185   
0.000000     1.000000   0.000000   
0.250000     0.998992   0.003931   
0.500000     0.994395   0.008535   
0.750000     0.983871   0.014228   
1.000000     0.971411   0.019789   
1.250000     0.955708   0.026045   
1.500000     0.927480   0.033994   
1.750000     0.880448   0.048709   
2.000000     0.825559   0.065625   
2.250000     0.760508   0.082669   
2.500000     0.683421   0.097110   
2.750000     0.562321   0.101524   
3.000000     0.434370   0.100589   
3.250000     0.314339   0.095494   
3.500000     0.213440   0.085828   
3.750000     0.149107   0.068770   
4.000000     0.110730   0.051681   
4.250000     0.072791   0.036395   
4.500000     0.048109   0.025075   
4.750000     0.035779   0.018433   
5.000000     0.027614   0.013622   
5.250000     0.020718   0.009760   
5.500000     0.015569   0.006777   
5.750000     0.011884   0.004986   
0.000000     1.000000   0.000000   
0.250000     0.998991   0.003938   
0.500000     0.994392   0.008550   
0.750000     0.983865   0.014250   
1.000000     0.971435   0.019817   
1.250000     0.955644   0.026082   
1.500000     0.927531   0.034048   
1.750000     0.880432   0.048794   
2.000000     0.825536   0.065742   
2.250000     0.760460   0.082812   
2.500000     0.683343   0.097271   
2.750000     0.562044   0.101691   
3.000000     0.434536   0.100755   
3.250000     0.314146   0.095655   
3.500000     0.213558   0.085976   
3.750000     0.148976   0.068895   
4.000000     0.110706   0.051778   
4.250000     0.072731   0.036463   
4.500000     0.048084   0.025119   
4.750000     0.035764   0.018462   
5.000000     0.027606   0.013644   
5.250000     0.020720   0.009777   
5.500000     0.015566   0.006789   
5.750000     0.011879   0.004994   
0.000000     1.000000   0.000000   
0.250000     0.998992   0.003924   
0.500000     0.994395   0.008521   
0.750000     0.983871   0.014207   
1.000000     0.971412   0.019759   
1.250000     0.955708   0.026004   
1.500000     0.927496   0.033938   
1.750000     0.880473   0.048631   
2.000000     0.825603   0.065522   
2.250000     0.760566   0.082541   
2.500000     0.683487   0.096962   
2.750000     0.562357   0.101370   
3.000000     0.434362   0.100438   
3.250000     0.314308   0.095355   
3.500000     0.213377   0.085708   
3.750000     0.149059   0.068675   
4.000000     0.110701   0.051612   
4.250000     0.072792   0.036347   
4.500000     0.048172   0.025043   
4.750000     0.035836   0.018409   
5.000000     0.027660   0.013605   
5.250000     0.020747   0.009748   
5.500000     0.015586   0.006768   
5.750000     0.011903   0.004980   
0.000000     1.000000   0.000000   
0.250000     0.998992   0.003926   
0.500000     0.994394   0.008523   
0.750000     0.983868   0.014209   
1.000000     0.971388   0.019763   
1.250000     0.955724   0.026007   
1.500000     0.927458   0.033935   
1.750000     0.880453   0.048615   
2.000000     0.825574   0.065491   
2.250000     0.760534   0.082498   
2.500000     0.683458   0.096912   
2.750000     0.562397   0.101316   
3.000000     0.434342   0.100384   
3.250000     0.314384   0.095301   
3.500000     0.213423   0.085657   
3.750000     0.149134   0.068633   
4.000000     0.110740   0.051582   
4.250000     0.072809   0.036328   
4.500000     0.048193   0.025034   
4.750000     0.035835   0.018406   
5.000000     0.027653   0.013603   
5.250000     0.020729   0.009745   
5.500000     0.015584   0.006766   
5.750000     0.011881   0.004979   
0.000000     1.000000   0.000000   
0.250000     0.998991   0.003937   
0.500000     0.994393   0.008548   
0.750000     0.983864   0.014250   
1.000000     0.971463   0.019819   
1.250000     0.955606   0.026085   
1.500000     0.927569   0.034054   
1.750000     0.880417   0.048807   
2.000000     0.825511   0.065764   
2.250000     0.760428   0.082844   
2.500000     0.683298   0.097311   
2.750000     0.562021   0.101734   
3.000000     0.434553   0.100797   
3.250000     0.314158   0.095692   
3.500000     0.213628   0.086005   
3.750000     0.148988   0.068915   
4.000000     0.110739   0.051789   
4.250000     0.072731   0.036468   
4.500000     0.048081   0.025120   
4.750000     0.035771   0.018461   
5.000000     0.027621   0.013641   
5.250000     0.020739   0.009773   
5.500000     0.015573   0.006784   
5.750000     0.011889   0.004990   
0.000000     1.000000   0.000000   
0.250000     0.998991   0.003928   
0.500000     0.994392   0.008529   
0.750000     0.983866   0.014219   
1.000000     0.971403   0.019775   
1.250000     0.955693   0.026023   
1.500000     0.927486   0.033961   
1.750000     0.880442   0.048652   
2.000000     0.825554   0.065538   
2.250000     0.760499   0.082551   
2.500000     0.683407   0.096965   
2.750000     0.562208   0.101370   
3.000000     0.434459   0.100439   
3.250000     0.314256   0.095357   
3.500000     0.213502   0.085712   
3.750000     0.149065   0.068685   
4.000000     0.110729   0.051627   
4.250000     0.072792   0.036365   
4.500000     0.048176   0.025062   
4.750000     0.035831   0.018426   
5.000000     0.027648   0.013619   
5.250000     0.020726   0.009760   
5.500000     0.015581   0.006778   
5.750000     0.011883   0.004988   
0.000000     1.000000   0.000000   
0.250000     0.998991   0.003919   
0.500000     0.994393   0.008509   
0.750000     0.983869   0.014185   
1.000000     0.971355   0.019729   
1.250000     0.955780   0.025960   
1.500000     0.927514   0.033870   
1.750000     0.880499   0.048521   
2.000000     0.825641   0.065367   
2.250000     0.760626   0.082347   
2.500000     0.683570   0.096739   
2.750000     0.562567   0.101136   
3.000000     0.434276   0.100206   
3.250000     0.314467   0.095132   
3.500000     0.213308   0.085505   
3.750000     0.149188   0.068508   
4.000000     0.110732   0.051486   
4.250000     0.072802   0.036260   
4.500000     0.048211   0.024989   
4.750000     0.035846   0.018374   
5.000000     0.027651   0.013580   
5.250000     0.020714   0.009730   
5.500000     0.015581   0.006756   
5.750000     0.011870   0.004971   
0.000000     1.000000   0.000000   
0.250000     0.998991   0.003933   
0.500000     0.994391   0.008541   
0.750000     0.983862   0.014234   
1.000000     0.971476   0.019795   
1.250000     0.955581   0.026054   
1.500000     0.927600   0.034018   
1.750000     0.880404   0.048755   
2.000000     0.825492   0.065690   
2.250000     0.760410   0.082745   
2.500000     0.683035   0.097188   
2.750000     0.561761   0.101602   
3.000000     0.434836   0.100666   
3.250000     0.313952   0.095568   
3.500000     0.213729   0.085896   
3.750000     0.148923   0.068834   
4.000000     0.110758   0.051734   
4.250000     0.072696   0.036435   
4.500000     0.048110   0.025103   
4.750000     0.035803   0.018448   
5.000000     0.027643   0.013633   
5.250000     0.020744   0.009770   
5.500000     0.015580   0.006785   
5.750000     0.011886   0.004992   
0.000000     1.000000   0.000000   
0.250000     0.998991   0.003925   
0.500000     0.994393   0.008520   
0.750000     0.983868   0.014201   
1.000000     0.971398   0.019748   
1.250000     0.955715   0.025987   
1.500000     0.927465   0.033914   
1.750000     0.880459   0.048597   
2.000000     0.825588   0.065479   
2.250000     0.760552   0.082493   
2.500000     0.683474   0.096911   
2.750000     0.562388   0.101317   
3.000000     0.434350   0.100387   
3.250000     0.314361   0.095305   
3.500000     0.213412   0.085660   
3.750000     0.149108   0.068632   
4.000000     0.110727   0.051576   
4.250000     0.072797   0.036318   
4.500000     0.048188   0.025022   
4.750000     0.035834   0.018396   
5.000000     0.027656   0.013597   
5.250000     0.020725   0.009743   
5.500000     0.015577   0.006767   
5.750000     0.011880   0.004981   
0.000000     1.000000   0.000000   
0.250000     0.998992   0.003932   
0.500000     0.994394   0.008539   
0.750000     0.983868   0.014233   
1.000000     0.971431   0.019795   
1.250000     0.955665   0.026050   
1.500000     0.927508   0.033998   
1.750000     0.880437   0.048711   
2.000000     0.825548   0.065622   
2.250000     0.760493   0.082660   
2.500000     0.683401   0.097096   
2.750000     0.562258   0.101508   
3.000000     0.434411   0.100574   
3.250000     0.314309   0.095482   
3.500000     0.213476   0.085821   
3.750000     0.149092   0.068769   
4.000000     0.110738   0.051687   
4.250000     0.072801   0.036404   
4.500000     0.048142   0.025086   
4.750000     0.035788   0.018443   
5.000000     0.027626   0.013630   
5.250000     0.020730   0.009766   
5.500000     0.015581   0.006780   
5.750000     0.011891   0.004987   
0.000000     1.000000   0.000000   
0.250000     0.998932   0.007074   
0.500000     0.994690   0.015291   
0.750000     0.983967   0.025915   
1.000000     0.965885   0.036798   
1.250000     0.943083   0.049677   
1.500000     0.918733   0.066939   
1.750000     0.879923   0.096284   
2.000000     0.815596   0.129489   
2.250000     0.740906   0.161864   
2.500000     0.658455   0.188361   
2.750000     0.560310   0.196372   
3.000000     0.444419   0.193783   
3.250000     0.335388   0.183360   
3.500000     0.245100   0.164195   
3.750000     0.175423   0.131695   
4.000000     0.123299   0.098596   
4.250000     0.087998   0.069253   
4.500000     0.062789   0.046921   
4.750000     0.044234   0.034060   
5.000000     0.031168   0.025463   
5.250000     0.022972   0.019030   
5.500000     0.017080   0.014059   
5.750000     0.013223   0.010812   
0.000000     1.000000   0.000000   
0.250000     0.998931   0.007079   
0.500000     0.994689   0.015301   
0.750000     0.983968   0.025925   
1.000000     0.965869   0.036809   
1.250000     0.943070   0.049690   
1.500000     0.918725   0.066957   
1.750000     0.879941   0.096304   
2.000000     0.815609   0.129502   
2.250000     0.740910   0.161867   
2.500000     0.658456   0.188350   
2.750000     0.560428   0.196356   
3.000000     0.444353   0.193768   
3.250000     0.335357   0.183347   
3.500000     0.245144   0.164188   
3.750000     0.175492   0.131700   
4.000000     0.123350   0.098610   
4.250000     0.088051   0.069272   
4.500000     0.062826   0.046939   
4.750000     0.044263   0.034074   
5.000000     0.031192   0.025477   
5.250000     0.023006   0.019044   
5.500000     0.017107   0.014073   
5.750000     0.013247   0.010824   
0.000000     1.000000   0.000000   
0.250000     0.998929   0.007076   
0.500000     0.994683   0.015297   
0.750000     0.983952   0.025927   
1.000000     0.965941   0.036816   
1.250000     0.943166   0.049703   
1.500000     0.918852   0.066977   
1.750000     0.879879   0.096348   
2.000000     0.815549   0.129580   
2.250000     0.740853   0.161982   
2.500000     0.658399   0.188498   
2.750000     0.559861   0.196513   
3.000000     0.444794   0.193922   
3.250000     0.335767   0.183492   
3.500000     0.245147   0.164313   
3.750000     0.175230   0.131783   
4.000000     0.123365   0.098653   
4.250000     0.088063   0.069282   
4.500000     0.062921   0.046929   
4.750000     0.044321   0.034059   
5.000000     0.031225   0.025456   
5.250000     0.023022   0.019019   
5.500000     0.017126   0.014046   
5.750000     0.013267   0.010799   
0.000000     1.000000   0.000000   
0.250000     0.998930   0.007072   
0.500000     0.994684   0.015287   
0.750000     0.983953   0.025908   
1.000000     0.965929   0.036790   
1.250000     0.943150   0.049662   
1.500000     0.918831   0.066910   
1.750000     0.879876   0.096244   
2.000000     0.815566   0.129441   
2.250000     0.740903   0.161814   
2.500000     0.658479   0.188313   
2.750000     0.559794   0.196323   
3.000000     0.444968   0.193735   
3.250000     0.335893   0.183314   
3.500000     0.245165   0.164151   
3.750000     0.175216   0.131648   
4.000000     0.123400   0.098549   
4.250000     0.088102   0.069211   
4.500000     0.062969   0.046888   
4.750000     0.044365   0.034037   
5.000000     0.031267   0.025445   
5.250000     0.023052   0.019013   
5.500000     0.017152   0.014044   
5.750000     0.013288   0.010799   
0.000000     1.000000   0.000000   
0.250000     0.998929   0.007088   
0.500000     0.994680   0.015322   
0.750000     0.983943   0.025965   
1.000000     0.965930   0.036866   
1.250000     0.943130   0.049769   
1.500000     0.918788   0.067067   
1.750000     0.879842   0.096467   
2.000000     0.815500   0.129726   
2.250000     0.740784   0.162147   
2.500000     0.658310   0.188675   
2.750000     0.559916   0.196692   
3.000000     0.444619   0.194099   
3.250000     0.335635   0.183662   
3.500000     0.245090   0.164471   
3.750000     0.175217   0.131921   
4.000000     0.123331   0.098765   
4.250000     0.088049   0.069367   
4.500000     0.062904   0.046988   
4.750000     0.044324   0.034097   
5.000000     0.031240   0.025484   
5.250000     0.023026   0.019040   
5.500000     0.017129   0.014062   
5.750000     0.013270   0.010810   
0.000000     1.000000   0.000000   
0.250000     0.998930   0.007076   
0.500000     0.994683   0.015297   
0.750000     0.983947   0.025931   
1.000000     0.965982   0.036826   
1.250000     0.943207   0.049720   
1.500000     0.918889   0.067001   
1.750000     0.879807   0.096377   
2.000000     0.815465   0.129612   
2.250000     0.740766   0.162014   
2.500000     0.658320   0.188529   
2.750000     0.559586   0.196542   
3.000000     0.445023   0.193950   
3.250000     0.336033   0.183520   
3.500000     0.245208   0.164340   
3.750000     0.175120   0.131810   
4.000000     0.123434   0.098679   
4.250000     0.088125   0.069308   
4.500000     0.063042   0.046955   
4.750000     0.044407   0.034083   
5.000000     0.031284   0.025479   
5.250000     0.023029   0.019042   
5.500000     0.017126   0.014070   
5.750000     0.013264   0.010823   
0.000000     1.000000   0.000000   
0.250000     0.998929   0.007068   
0.500000     0.994681   0.015280   
0.750000     0.983946   0.025899   
1.000000     0.965964   0.036780   
1.250000     0.943198   0.049653   
1.500000     0.918887   0.066905   
1.750000     0.879833   0.096260   
2.000000     0.815522   0.129487   
2.250000     0.740857   0.161891   
2.500000     0.658429   0.188417   
2.750000     0.559457   0.196435   
3.000000     0.445184   0.193848   
3.250000     0.336091   0.183421   
3.500000     0.245127   0.164244   
3.750000     0.175034   0.131709   
4.000000     0.123394   0.098579   
4.250000     0.088096   0.069217   
4.500000     0.063012   0.046881   
4.750000     0.044384   0.034030   
5.000000     0.031270   0.025439   
5.250000     0.023025   0.019009   
5.500000     0.017127   0.014041   
5.750000     0.013265   0.010796   
0.000000     1.000000   0.000000   
0.250000     0.998930   0.007083   
0.500000     0.994683   0.015312   
0.750000     0.983946   0.025957   
1.000000     0.965959   0.036865   
1.250000     0.943184   0.049773   
1.500000     0.918868   0.067074   
1.750000     0.879819   0.096483   
2.000000     0.815484   0.129756   
2.250000     0.740779   0.162194   
2.500000     0.658316   0.188738   
2.750000     0.559508   0.196761   
3.000000     0.445018   0.194169   
3.250000     0.336003   0.183731   
3.500000     0.245120   0.164534   
3.750000     0.175028   0.131967   
4.000000     0.123368   0.098794   
4.250000     0.088081   0.069384   
4.500000     0.063002   0.047000   
4.750000     0.044392   0.034108   
5.000000     0.031285   0.025491   
5.250000     0.023043   0.019044   
5.500000     0.017149   0.014065   
5.750000     0.013295   0.010813   
0.000000     1.000000   0.000000   
0.250000     0.998929   0.007081   
0.500000     0.994679   0.015306   
0.750000     0.983939   0.025944   
1.000000     0.966023   0.036844   
1.250000     0.943260   0.049742   
1.500000     0.918824   0.067031   
1.750000     0.879788   0.096434   
2.000000     0.815446   0.129708   
2.250000     0.740739   0.162151   
2.500000     0.658279   0.188702   
2.750000     0.559201   0.196728   
3.000000     0.445134   0.194138   
3.250000     0.336230   0.183700   
3.500000     0.245133   0.164503   
3.750000     0.174888   0.131932   
4.000000     0.123384   0.098758   
4.250000     0.088080   0.069351   
4.500000     0.063051   0.046973   
4.750000     0.044401   0.034094   
5.000000     0.031272   0.025485   
5.250000     0.022995   0.019044   
5.500000     0.017097   0.014068   
5.750000     0.013232   0.010819   
0.000000     1.000000   0.000000   
0.250000     0.998929   0.007079   
0.500000     0.994681   0.015306   
0.750000     0.983943   0.025948   
1.000000     0.966038   0.036852   
1.250000     0.943274   0.049754   
1.500000     0.918831   0.067046   
1.750000     0.879792   0.096452   
2.000000     0.815441   0.129726   
2.250000     0.740724   0.162169   
2.500000     0.658258   0.188719   
2.750000     0.559264   0.196744   
3.000000     0.445190   0.194153   
3.250000     0.336184   0.183714   
3.500000     0.245153   0.164515   
3.750000     0.174933   0.131944   
4.000000     0.123397   0.098768   
4.250000     0.088095   0.069359   
4.500000     0.063086   0.046978   
4.750000     0.044447   0.034095   
5.000000     0.031320   0.025483   
5.250000     0.023013   0.019040   
5.500000     0.017110   0.014065   
5.750000     0.013263   0.010817   
0.000000     1.000000   0.000000   
0.250000     0.999046   0.011656   
0.500000     0.995271   0.027771   
0.750000     0.983545   0.048698   
1.000000     0.965306   0.070567   
1.250000     0.937073   0.101808   
1.500000     0.913660   0.151387   
1.750000     0.877111   0.213473   
2.000000     0.817372   0.269564   
2.250000     0.711435   0.312608   
2.500000     0.576618   0.338472   
2.750000     0.443278   0.345444   
3.000000     0.317451   0.341654   
3.250000     0.216080   0.329487   
3.500000     0.158623   0.307441   
3.750000     0.111242   0.270638   
4.000000     0.073947   0.221488   
4.250000     0.048670   0.166010   
4.500000     0.033777   0.111800   
4.750000     0.023730   0.070786   
5.000000     0.017039   0.046921   
5.250000     0.012249   0.032403   
5.500000     0.008782   0.021303   
5.750000     0.006375   0.014198   
0.000000     1.000000   0.000000   
0.250000     0.999046   0.011653   
0.500000     0.995273   0.027763   
0.750000     0.983550   0.048683   
1.000000     0.965265   0.070547   
1.250000     0.937144   0.101787   
1.500000     0.913588   0.151377   
1.750000     0.877123   0.213480   
2.000000     0.817504   0.269585   
2.250000     0.711447   0.312640   
2.500000     0.576611   0.338510   
2.750000     0.443179   0.345484   
3.000000     0.317365   0.341693   
3.250000     0.216094   0.329525   
3.500000     0.158606   0.307476   
3.750000     0.111222   0.270667   
4.000000     0.073924   0.221507   
4.250000     0.048641   0.166018   
4.500000     0.033770   0.111796   
4.750000     0.023726   0.070775   
5.000000     0.016956   0.046912   
5.250000     0.012193   0.032399   
5.500000     0.008710   0.021304   
5.750000     0.006314   0.014202   
0.000000     1.000000   0.000000   
0.250000     0.999047   0.011651   
0.500000     0.995275   0.027762   
0.750000     0.983554   0.048683   
1.000000     0.965236   0.070547   
1.250000     0.937195   0.101785   
1.500000     0.913516   0.151364   
1.750000     0.877118   0.213452   
2.000000     0.817643   0.269545   
2.250000     0.711458   0.312590   
2.500000     0.576637   0.338455   
2.750000     0.443006   0.345426   
3.000000     0.317213   0.341635   
3.250000     0.216327   0.329467   
3.500000     0.158663   0.307420   
3.750000     0.111269   0.270616   
4.000000     0.073965   0.221465   
4.250000     0.048678   0.165987   
4.500000     0.033814   0.111778   
4.750000     0.023771   0.070765   
5.000000     0.016970   0.046904   
5.250000     0.012217   0.032391   
5.500000     0.008730   0.021297   
5.750000     0.006332   0.014196   
0.000000     1.000000   0.000000   
0.250000     0.999046   0.011652   
0.500000     0.995274   0.027759   
0.750000     0.983556   0.048672   
1.000000     0.965309   0.070528   
1.250000     0.937127   0.101758   
1.500000     0.913668   0.151333   
1.750000     0.877160   0.213422   
2.000000     0.817483   0.269515   
2.250000     0.711493   0.312563   
2.500000     0.576670   0.338429   
2.750000     0.443287   0.345402   
3.000000     0.317463   0.341612   
3.250000     0.216107   0.329446   
3.500000     0.158637   0.307401   
3.750000     0.111242   0.270596   
4.000000     0.073938   0.221445   
4.250000     0.048653   0.165967   
4.500000     0.033806   0.111759   
4.750000     0.023759   0.070751   
5.000000     0.016958   0.046896   
5.250000     0.012206   0.032388   
5.500000     0.008718   0.021296   
5.750000     0.006319   0.014196   
0.000000     1.000000   0.000000   
0.250000     0.999046   0.011652   
0.500000     0.995272   0.027761   
0.750000     0.983547   0.048680   
1.000000     0.965255   0.070544   
1.250000     0.937136   0.101774   
1.500000     0.913549   0.151335   
1.750000     0.877086   0.213407   
2.000000     0.817484   0.269491   
2.250000     0.711424   0.312537   
2.500000     0.576631   0.338410   
2.750000     0.443235   0.345385   
3.000000     0.317473   0.341594   
3.250000     0.216236   0.329424   
3.500000     0.158716   0.307374   
3.750000     0.111302   0.270564   
4.000000     0.073981   0.221417   
4.250000     0.048684   0.165951   
4.500000     0.033813   0.111760   
4.750000     0.023760   0.070763   
5.000000     0.016982   0.046908   
5.250000     0.012214   0.032395   
5.500000     0.008726   0.021301   
5.750000     0.006326   0.014200   
0.000000     1.000000   0.000000   
0.250000     0.999046   0.011660   
0.500000     0.995273   0.027781   
0.750000     0.983547   0.048713   
1.000000     0.965231   0.070589   
1.250000     0.937158   0.101841   
1.500000     0.913525   0.151441   
1.750000     0.877089   0.213544   
2.000000     0.817554   0.269641   
2.250000     0.711426   0.312683   
2.500000     0.576592   0.338538   
2.750000     0.442965   0.345507   
3.000000     0.317131   0.341717   
3.250000     0.216220   0.329552   
3.500000     0.158584   0.307511   
3.750000     0.111221   0.270716   
4.000000     0.073938   0.221565   
4.250000     0.048660   0.166077   
4.500000     0.033764   0.111850   
4.750000     0.023724   0.070820   
5.000000     0.016990   0.046947   
5.250000     0.012209   0.032425   
5.500000     0.008724   0.021323   
5.750000     0.006327   0.014217   
0.000000     1.000000   0.000000   
0.250000     0.999045   0.011666   
0.500000     0.995269   0.027794   
0.750000     0.983538   0.048734   
1.000000     0.965229   0.070616   
1.250000     0.937123   0.101870   
1.500000     0.913496   0.151466   
1.750000     0.877050   0.213562   
2.000000     0.817522   0.269654   
2.250000     0.711388   0.312692   
2.500000     0.576565   0.338546   
2.750000     0.442899   0.345514   
3.000000     0.317063   0.341725   
3.250000     0.216245   0.329561   
3.500000     0.158566   0.307521   
3.750000     0.111207   0.270729   
4.000000     0.073931   0.221582   
4.250000     0.048657   0.166098   
4.500000     0.033779   0.111876   
4.750000     0.023741   0.070845   
5.000000     0.016987   0.046967   
5.250000     0.012216   0.032439   
5.500000     0.008730   0.021331   
5.750000     0.006332   0.014219   
0.000000     1.000000   0.000000   
0.250000     0.999046   0.011658   
0.500000     0.995272   0.027776   
0.750000     0.983545   0.048708   
1.000000     0.965272   0.070585   
1.250000     0.937103   0.101841   
1.500000     0.913601   0.151454   
1.750000     0.877100   0.213571   
2.000000     0.817495   0.269677   
2.250000     0.711437   0.312722   
2.500000     0.576590   0.338575   
2.750000     0.442948   0.345543   
3.000000     0.317080   0.341752   
3.250000     0.216178   0.329586   
3.500000     0.158555   0.307544   
3.750000     0.111212   0.270747   
4.000000     0.073942   0.221590   
4.250000     0.048670   0.166090   
4.500000     0.033803   0.111850   
4.750000     0.023761   0.070809   
5.000000     0.016988   0.046932   
5.250000     0.012224   0.032409   
5.500000     0.008738   0.021307   
5.750000     0.006341   0.014201   
0.000000     1.000000   0.000000   
0.250000     0.999046   0.011657   
0.500000     0.995270   0.027772   
0.750000     0.983541   0.048698   
1.000000     0.965128   0.070566   
1.250000     0.937272   0.101800   
1.500000     0.913327   0.151363   
1.750000     0.877053   0.213429   
2.000000     0.817767   0.269502   
2.250000     0.711411   0.312533   
2.500000     0.576620   0.338391   
2.750000     0.442778   0.345361   
3.000000     0.316998   0.341571   
3.250000     0.216545   0.329407   
3.500000     0.158668   0.307366   
3.750000     0.111269   0.270575   
4.000000     0.073964   0.221441   
4.250000     0.048733   0.165982   
4.500000     0.033721   0.111789   
4.750000     0.023689   0.070784   
5.000000     0.017007   0.046922   
5.250000     0.012208   0.032406   
5.500000     0.008726   0.021308   
5.750000     0.006332   0.014202   
0.000000     1.000000   0.000000   
0.250000     0.999046   0.011664   
0.500000     0.995270   0.027791   
0.750000     0.983540   0.048732   
1.000000     0.965241   0.070615   
1.250000     0.937117   0.101872   
1.500000     0.913511   0.151472   
1.750000     0.877054   0.213569   
2.000000     0.817562   0.269661   
2.250000     0.711395   0.312696   
2.500000     0.576566   0.338545   
2.750000     0.442741   0.345512   
3.000000     0.316891   0.341721   
3.250000     0.216382   0.329557   
3.500000     0.158565   0.307519   
3.750000     0.111208   0.270729   
4.000000     0.073928   0.221584   
4.250000     0.048660   0.166099   
4.500000     0.033744   0.111873   
4.750000     0.023709   0.070839   
5.000000     0.016977   0.046961   
5.250000     0.012194   0.032434   
5.500000     0.008708   0.021327   
5.750000     0.006311   0.014218   
